44    32    
45    32    
44    33    
45    33    
43    34    
44    34    
45    34    
46    34    
43    35    
44    35    
45    35    
46    35    
43    36    
44    36    
45    36    
46    36    
43    37    
44    37    
45    37    
46    37    
43    38    
44    38    
45    38    
46    38    
43    39    
44    39    
45    39    
46    39    
43    40    
44    40    
45    40    
46    40    
43    41    
44    41    
45    41    
46    41    
43    42    
44    42    
45    42    
46    42    
43    43    
44    43    
45    43    
46    43    
43    44    
44    44    
45    44    
46    44    
43    45    
44    45    
45    45    
46    45    
43    46    
44    46    
45    46    
46    46    
42    47    
43    47    
44    47    
45    47    
41    48    
42    48    
43    48    
44    48    
45    48    
40    49    
41    49    
42    49    
43    49    
44    49    
45    49    
39    50    
40    50    
41    50    
42    50    
43    50    
44    50    
39    51    
40    51    
41    51    
42    51    
43    51    
44    51    
38    52    
39    52    
40    52    
41    52    
42    52    
43    52    
44    52    
37    53    
38    53    
39    53    
40    53    
41    53    
42    53    
43    53    
36    54    
37    54    
38    54    
39    54    
40    54    
41    54    
42    54    
43    54    
35    55    
36    55    
37    55    
38    55    
39    55    
40    55    
41    55    
42    55    
43    55    
34    56    
35    56    
36    56    
37    56    
38    56    
39    56    
40    56    
41    56    
42    56    
34    57    
35    57    
36    57    
37    57    
38    57    
39    57    
40    57    
41    57    
42    57    
33    58    
34    58    
35    58    
36    58    
37    58    
38    58    
39    58    
40    58    
41    58    
42    58    
32    59    
33    59    
34    59    
35    59    
36    59    
37    59    
38    59    
39    59    
40    59    
41    59    
42    59    
30    60    
31    60    
32    60    
33    60    
34    60    
35    60    
36    60    
37    60    
38    60    
39    60    
40    60    
41    60    
29    61    
30    61    
31    61    
32    61    
33    61    
34    61    
35    61    
36    61    
37    61    
38    61    
39    61    
40    61    
41    61    
29    62    
30    62    
31    62    
32    62    
33    62    
34    62    
35    62    
36    62    
37    62    
38    62    
39    62    
40    62    
29    63    
30    63    
31    63    
32    63    
33    63    
34    63    
35    63    
36    63    
37    63    
38    63    
39    63    
40    63    
29    64    
30    64    
31    64    
32    64    
33    64    
34    64    
35    64    
36    64    
37    64    
38    64    
39    64    
40    64    
29    65    
30    65    
31    65    
32    65    
33    65    
34    65    
35    65    
36    65    
37    65    
38    65    
39    65    
28    66    
29    66    
30    66    
31    66    
32    66    
33    66    
34    66    
35    66    
36    66    
37    66    
38    66    
39    66    
27    67    
28    67    
29    67    
30    67    
31    67    
32    67    
33    67    
34    67    
35    67    
36    67    
37    67    
38    67    
39    67    
26    68    
27    68    
28    68    
29    68    
30    68    
31    68    
32    68    
33    68    
34    68    
35    68    
36    68    
37    68    
38    68    
39    68    
25    69    
26    69    
27    69    
28    69    
29    69    
30    69    
31    69    
32    69    
33    69    
34    69    
35    69    
36    69    
37    69    
38    69    
25    70    
26    70    
27    70    
28    70    
29    70    
30    70    
31    70    
32    70    
33    70    
34    70    
35    70    
36    70    
37    70    
38    70    
25    71    
26    71    
27    71    
28    71    
29    71    
30    71    
31    71    
32    71    
33    71    
34    71    
35    71    
36    71    
37    71    
23    72    
24    72    
25    72    
26    72    
27    72    
28    72    
29    72    
30    72    
31    72    
32    72    
33    72    
34    72    
35    72    
36    72    
37    72    
23    73    
24    73    
25    73    
26    73    
27    73    
28    73    
29    73    
30    73    
31    73    
32    73    
33    73    
34    73    
35    73    
36    73    
37    73    
22    74    
23    74    
24    74    
25    74    
26    74    
27    74    
28    74    
29    74    
30    74    
31    74    
32    74    
33    74    
34    74    
35    74    
36    74    
21    75    
22    75    
23    75    
24    75    
25    75    
26    75    
27    75    
28    75    
29    75    
30    75    
31    75    
32    75    
33    75    
34    75    
35    75    
36    75    
21    76    
22    76    
23    76    
24    76    
25    76    
26    76    
27    76    
28    76    
29    76    
30    76    
31    76    
32    76    
33    76    
34    76    
35    76    
36    76    
19    77    
20    77    
21    77    
22    77    
23    77    
24    77    
25    77    
26    77    
27    77    
28    77    
29    77    
30    77    
31    77    
32    77    
33    77    
34    77    
35    77    
19    78    
20    78    
21    78    
22    78    
23    78    
24    78    
25    78    
26    78    
27    78    
28    78    
29    78    
30    78    
31    78    
32    78    
33    78    
34    78    
35    78    
19    79    
20    79    
21    79    
22    79    
23    79    
24    79    
25    79    
26    79    
27    79    
28    79    
29    79    
30    79    
31    79    
32    79    
33    79    
34    79    
35    79    
19    80    
20    80    
21    80    
22    80    
23    80    
24    80    
25    80    
26    80    
27    80    
28    80    
29    80    
30    80    
31    80    
32    80    
33    80    
34    80    
35    80    
19    81    
20    81    
21    81    
22    81    
23    81    
24    81    
25    81    
26    81    
27    81    
28    81    
29    81    
30    81    
31    81    
32    81    
33    81    
34    81    
18    82    
19    82    
20    82    
21    82    
22    82    
23    82    
24    82    
25    82    
26    82    
27    82    
28    82    
29    82    
30    82    
31    82    
32    82    
33    82    
34    82    
18    83    
19    83    
20    83    
21    83    
22    83    
23    83    
24    83    
25    83    
26    83    
27    83    
28    83    
29    83    
30    83    
31    83    
32    83    
33    83    
34    83    
18    84    
19    84    
20    84    
21    84    
22    84    
23    84    
24    84    
25    84    
26    84    
27    84    
28    84    
29    84    
30    84    
31    84    
32    84    
33    84    
34    84    
18    85    
19    85    
20    85    
21    85    
22    85    
23    85    
24    85    
25    85    
26    85    
27    85    
28    85    
29    85    
30    85    
31    85    
32    85    
33    85    
34    85    
18    86    
19    86    
20    86    
21    86    
22    86    
23    86    
24    86    
25    86    
26    86    
27    86    
28    86    
29    86    
30    86    
31    86    
32    86    
33    86    
34    86    
18    87    
19    87    
20    87    
21    87    
22    87    
23    87    
24    87    
25    87    
26    87    
27    87    
28    87    
29    87    
30    87    
31    87    
32    87    
33    87    
34    87    
16    88    
17    88    
18    88    
19    88    
20    88    
21    88    
22    88    
23    88    
24    88    
25    88    
26    88    
27    88    
28    88    
29    88    
30    88    
31    88    
32    88    
33    88    
34    88    
14    89    
15    89    
16    89    
17    89    
18    89    
19    89    
20    89    
21    89    
22    89    
23    89    
24    89    
25    89    
26    89    
27    89    
28    89    
29    89    
30    89    
31    89    
32    89    
33    89    
34    89    
11    90    
13    90    
14    90    
15    90    
16    90    
17    90    
18    90    
19    90    
20    90    
21    90    
22    90    
23    90    
24    90    
25    90    
26    90    
27    90    
28    90    
29    90    
30    90    
31    90    
32    90    
33    90    
34    90    
11    91    
12    91    
13    91    
14    91    
15    91    
16    91    
17    91    
18    91    
19    91    
20    91    
21    91    
22    91    
23    91    
24    91    
25    91    
26    91    
27    91    
28    91    
29    91    
30    91    
31    91    
32    91    
33    91    
34    91    
11    92    
12    92    
13    92    
14    92    
15    92    
16    92    
17    92    
18    92    
19    92    
20    92    
21    92    
22    92    
23    92    
24    92    
25    92    
26    92    
27    92    
28    92    
29    92    
30    92    
31    92    
32    92    
33    92    
34    92    
11    93    
12    93    
13    93    
14    93    
15    93    
16    93    
17    93    
18    93    
19    93    
20    93    
21    93    
22    93    
23    93    
24    93    
25    93    
26    93    
27    93    
28    93    
29    93    
30    93    
31    93    
32    93    
33    93    
34    93    
11    94    
12    94    
13    94    
14    94    
15    94    
16    94    
17    94    
18    94    
19    94    
20    94    
21    94    
22    94    
23    94    
24    94    
25    94    
26    94    
27    94    
28    94    
29    94    
30    94    
31    94    
32    94    
33    94    
34    94    
11    95    
12    95    
13    95    
14    95    
15    95    
16    95    
17    95    
18    95    
19    95    
20    95    
21    95    
22    95    
23    95    
24    95    
25    95    
26    95    
27    95    
28    95    
29    95    
30    95    
31    95    
32    95    
33    95    
34    95    
11    96    
12    96    
13    96    
14    96    
15    96    
16    96    
17    96    
18    96    
19    96    
20    96    
21    96    
22    96    
23    96    
24    96    
25    96    
26    96    
27    96    
28    96    
29    96    
30    96    
31    96    
32    96    
33    96    
34    96    
11    97    
12    97    
13    97    
14    97    
15    97    
16    97    
17    97    
18    97    
19    97    
20    97    
21    97    
22    97    
23    97    
24    97    
25    97    
26    97    
27    97    
28    97    
29    97    
30    97    
31    97    
32    97    
33    97    
34    97    
11    98    
12    98    
13    98    
14    98    
15    98    
16    98    
17    98    
18    98    
19    98    
20    98    
21    98    
22    98    
23    98    
24    98    
25    98    
26    98    
27    98    
28    98    
29    98    
30    98    
31    98    
32    98    
33    98    
34    98    
11    99    
12    99    
13    99    
14    99    
15    99    
16    99    
17    99    
18    99    
19    99    
20    99    
21    99    
22    99    
23    99    
24    99    
25    99    
26    99    
27    99    
28    99    
29    99    
30    99    
31    99    
32    99    
33    99    
34    99    
11    100    
12    100    
13    100    
14    100    
15    100    
16    100    
17    100    
18    100    
19    100    
20    100    
21    100    
22    100    
23    100    
24    100    
25    100    
26    100    
27    100    
28    100    
29    100    
30    100    
31    100    
32    100    
33    100    
34    100    
13    101    
14    101    
15    101    
16    101    
17    101    
18    101    
19    101    
20    101    
21    101    
22    101    
23    101    
24    101    
25    101    
26    101    
27    101    
28    101    
29    101    
30    101    
31    101    
32    101    
33    101    
34    101    
13    102    
14    102    
15    102    
16    102    
17    102    
18    102    
19    102    
20    102    
21    102    
22    102    
23    102    
24    102    
25    102    
26    102    
27    102    
28    102    
29    102    
30    102    
31    102    
32    102    
33    102    
34    102    
13    103    
14    103    
15    103    
16    103    
17    103    
18    103    
19    103    
20    103    
21    103    
22    103    
23    103    
24    103    
25    103    
26    103    
27    103    
28    103    
29    103    
30    103    
31    103    
32    103    
13    104    
14    104    
15    104    
16    104    
17    104    
18    104    
19    104    
20    104    
13    105    
14    105    
15    105    
16    105    
17    105    
18    105    
19    105    
